$ANSIBLE_VAULT;1.1;AES256
32653561333130613638666665616465653663613233356336396631613261343335376538663662
3030363534366237383761666237326163636366393838390a613234663562643561316663343537
32306161643030363234383963353738373163373664636561643336643336376466353937303766
6539386237663335310a346265636238656261363035396633393139346364626534613463353438
38646635383065616335663137373735306361653039363030343862613433646661353166323536
38333362373862316563623332633262353462626332346137386363323630626462353063623535
66323933353530313137376361653935623163663134383266393938306264616366366463356536
38636466396461346561653631326638383038366332303030663364353139646664323266363338
64373366623431653962376632663766313166353264303866623930313465313962323036336139
37646565356163623963303265633661323461383533316133363466316231363835373833383635
31393366653931623830613063643139653239643761343434623234663362393633613331336335
37353164633065626565643465306638363839613465386566656463623731376333663965623633
38316132643539363339316231616538643136323261376430353130653832623938333430623538
61373362353139396633663430633534386665346162356131333866646537663232376131376537
63366138306538626535373135653262633132386639303562386131393364666332653864613531
65336565393730623139306637383964366264636533646439373732316534373534383635646664
36313032346362303163393430333731646636313563393539383938323933623362373736386664
3464373863613939363064353464333837333039303134646163
