$ANSIBLE_VAULT;1.1;AES256
66326337633632316565366165663931346136326263366337653030653164343335653565333864
3661316337343939643638333239663631393634316464660a376563306335663136373138323338
62636431626463386334303439323334383563653062363138613430336637323364636632323766
3439303263616330390a666537306636316561363036313433386534626536656531336536343165
35313537636261336237336365623765303232306664636232616336646164393436363562336334
34303533666131346632326139653264316566653863383835386465616262373564303136313638
34643937323232353635333932363065656639656131303535333834376664666464376165613033
36393038326432386637383938653537643539373736306132653032333437636265353531626531
62313966356664343538643463653062313833323931663739663138386430613537336262363665
61336432636534623964616430343832346462623162623362353635386465343134336632613562
38626335653061326233323366646131653132333437653861376238323337353733336235653831
63616265306636623038636431616236396666656566663864386330323537393462653438653663
65633930346333333636616132373038653364393262623533366331333134303766333839666462
35386462336135633833383432663035343962623630343036303435353066643836313533343162
65656565653131383930383065383862353438366538623065313531663930316434643363326163
35316337323632613661646265613433373261376266323937373266343138313330613838303866
34383766383361313934643632336333626439363836393736303038346666373539343037383932
34303631323061366330633435646433633430653461643632303833613435393232626561326531
36303632626464643065663165613265333366623162306266363731313264653061643832616663
65313339613866373432
